--discord.gg/6YM67DM8dJ, BY Kumphucha HUB
--discord.gg/6YM67DM8dJ, BY Kumphucha HUB
--discord.gg/6YM67DM8dJ, BY Kumphucha HUB
--discord.gg/6YM67DM8dJ, BY Kumphucha HUB
--discord.gg/6YM67DM8dJ, BY Kumphucha HUB
--discord.gg/6YM67DM8dJ, BY Kumphucha HUB
--discord.gg/6YM67DM8dJ, BY Kumphucha HUB
--discord.gg/6YM67DM8dJ, BY Kumphucha HUB
--discord.gg/6YM67DM8dJ, BY Kumphucha HUB
--discord.gg/6YM67DM8dJ, BY Kumphucha HUB
--discord.gg/6YM67DM8dJ, BY Kumphucha HUB
--discord.gg/6YM67DM8dJ, BY Kumphucha HUB
--discord.gg/6YM67DM8dJ, BY Kumphucha HUB
--discord.gg/6YM67DM8dJ, BY Kumphucha HUB
--discord.gg/6YM67DM8dJ, BY Kumphucha HUB
--discord.gg/6YM67DM8dJ, BY Kumphucha HUB
--discord.gg/6YM67DM8dJ, BY Kumphucha HUB
--discord.gg/6YM67DM8dJ, BY Kumphucha HUB
--discord.gg/6YM67DM8dJ, BY Kumphucha HUB
--discord.gg/6YM67DM8dJ, BY Kumphucha HUB
--discord.gg/6YM67DM8dJ, BY Kumphucha HUB
--discord.gg/6YM67DM8dJ, BY Kumphucha HUB
--discord.gg/6YM67DM8dJ, BY Kumphucha HUB
--discord.gg/6YM67DM8dJ, BY Kumphucha HUB
--discord.gg/6YM67DM8dJ, BY Kumphucha HUB
--discord.gg/6YM67DM8dJ, BY Kumphucha HUB
--discord.gg/6YM67DM8dJ, BY Kumphucha HUB
--discord.gg/6YM67DM8dJ, BY Kumphucha HUB
--discord.gg/6YM67DM8dJ, BY Kumphucha HUB
--discord.gg/6YM67DM8dJ, BY Kumphucha HUB
--discord.gg/6YM67DM8dJ, BY Kumphucha HUB
--discord.gg/6YM67DM8dJ, BY Kumphucha HUB
--discord.gg/6YM67DM8dJ, BY Kumphucha HUB
--discord.gg/6YM67DM8dJ, BY Kumphucha HUB
--discord.gg/6YM67DM8dJ, BY Kumphucha HUB
--discord.gg/6YM67DM8dJ, BY Kumphucha HUB
--discord.gg/6YM67DM8dJ, BY Kumphucha HUB
--discord.gg/6YM67DM8dJ, BY Kumphucha HUB
--discord.gg/6YM67DM8dJ, BY Kumphucha HUB
--discord.gg/6YM67DM8dJ, BY Kumphucha HUB
--discord.gg/6YM67DM8dJ, BY Kumphucha HUB
--discord.gg/6YM67DM8dJ, BY Kumphucha HUB
--discord.gg/6YM67DM8dJ, BY Kumphucha HUB
--discord.gg/6YM67DM8dJ, BY Kumphucha HUB
--discord.gg/6YM67DM8dJ, BY Kumphucha HUB
--discord.gg/6YM67DM8dJ, BY Kumphucha HUB
--discord.gg/6YM67DM8dJ, BY Kumphucha HUB
--discord.gg/6YM67DM8dJ, BY Kumphucha HUB
--discord.gg/6YM67DM8dJ, BY Kumphucha HUB
--discord.gg/6YM67DM8dJ, BY Kumphucha HUB
--discord.gg/6YM67DM8dJ, BY Kumphucha HUB
--discord.gg/6YM67DM8dJ, BY Kumphucha HUB
--discord.gg/6YM67DM8dJ, BY Kumphucha HUB
--discord.gg/6YM67DM8dJ, BY Kumphucha HUB
--discord.gg/6YM67DM8dJ, BY Kumphucha HUB
--discord.gg/6YM67DM8dJ, BY Kumphucha HUB
--discord.gg/6YM67DM8dJ, BY Kumphucha HUB
--discord.gg/6YM67DM8dJ, BY Kumphucha HUB
--discord.gg/6YM67DM8dJ, BY Kumphucha HUB
--discord.gg/6YM67DM8dJ, BY Kumphucha HUB
--discord.gg/6YM67DM8dJ, BY Kumphucha HUB
--discord.gg/6YM67DM8dJ, BY Kumphucha HUB
--discord.gg/6YM67DM8dJ, BY Kumphucha HUB
--discord.gg/6YM67DM8dJ, BY Kumphucha HUB
--discord.gg/6YM67DM8dJ, BY Kumphucha HUB
--discord.gg/6YM67DM8dJ, BY Kumphucha HUB
--discord.gg/6YM67DM8dJ, BY Kumphucha HUB
--discord.gg/6YM67DM8dJ, BY Kumphucha HUB
--discord.gg/6YM67DM8dJ, BY Kumphucha HUB
--discord.gg/6YM67DM8dJ, BY Kumphucha HUB
--discord.gg/6YM67DM8dJ, BY Kumphucha HUB
--discord.gg/6YM67DM8dJ, BY Kumphucha HUB
--discord.gg/6YM67DM8dJ, BY Kumphucha HUB
--discord.gg/6YM67DM8dJ, BY Kumphucha HUB
--discord.gg/6YM67DM8dJ, BY Kumphucha HUB
--discord.gg/6YM67DM8dJ, BY Kumphucha HUB
--discord.gg/6YM67DM8dJ, BY Kumphucha HUB
--discord.gg/6YM67DM8dJ, BY Kumphucha HUB
--discord.gg/6YM67DM8dJ, BY Kumphucha HUB
--discord.gg/6YM67DM8dJ, BY Kumphucha HUB
--discord.gg/6YM67DM8dJ, BY Kumphucha HUB
--discord.gg/6YM67DM8dJ, BY Kumphucha HUB
--discord.gg/6YM67DM8dJ, BY Kumphucha HUB
--discord.gg/6YM67DM8dJ, BY Kumphucha HUB
--discord.gg/6YM67DM8dJ, BY Kumphucha HUB
--discord.gg/6YM67DM8dJ, BY Kumphucha HUB
--discord.gg/6YM67DM8dJ, BY Kumphucha HUB
--discord.gg/6YM67DM8dJ, BY Kumphucha HUB
--discord.gg/6YM67DM8dJ, BY Kumphucha HUB
--discord.gg/6YM67DM8dJ, BY Kumphucha HUB
--discord.gg/6YM67DM8dJ, BY Kumphucha HUB
--discord.gg/6YM67DM8dJ, BY Kumphucha HUB
--discord.gg/6YM67DM8dJ, BY Kumphucha HUB
--discord.gg/6YM67DM8dJ, BY Kumphucha HUB
--discord.gg/6YM67DM8dJ, BY Kumphucha HUB
--discord.gg/6YM67DM8dJ, BY Kumphucha HUB
--discord.gg/6YM67DM8dJ, BY Kumphucha HUB
--discord.gg/6YM67DM8dJ, BY Kumphucha HUB
--discord.gg/6YM67DM8dJ, BY Kumphucha HUB
--discord.gg/6YM67DM8dJ, BY Kumphucha HUB
--discord.gg/6YM67DM8dJ, BY Kumphucha HUB
--discord.gg/6YM67DM8dJ, BY Kumphucha HUB
--discord.gg/6YM67DM8dJ, BY Kumphucha HUB
--discord.gg/6YM67DM8dJ, BY Kumphucha HUB
--discord.gg/6YM67DM8dJ, BY Kumphucha HUB
--discord.gg/6YM67DM8dJ, BY Kumphucha HUB
--discord.gg/6YM67DM8dJ, BY Kumphucha HUB
--discord.gg/6YM67DM8dJ, BY Kumphucha HUB
--discord.gg/6YM67DM8dJ, BY Kumphucha HUB
--discord.gg/6YM67DM8dJ, BY Kumphucha HUB
--discord.gg/6YM67DM8dJ, BY Kumphucha HUB
--discord.gg/6YM67DM8dJ, BY Kumphucha HUB
--discord.gg/6YM67DM8dJ, BY Kumphucha HUB
--discord.gg/6YM67DM8dJ, BY Kumphucha HUB
--discord.gg/6YM67DM8dJ, BY Kumphucha HUB
--discord.gg/6YM67DM8dJ, BY Kumphucha HUB
--discord.gg/6YM67DM8dJ, BY Kumphucha HUB
--discord.gg/6YM67DM8dJ, BY Kumphucha HUB
--discord.gg/6YM67DM8dJ, BY Kumphucha HUB
--discord.gg/6YM67DM8dJ, BY Kumphucha HUB
--discord.gg/6YM67DM8dJ, BY Kumphucha HUB
_G.PHC=Color3.fromRGB(0,255,0)local a=("9815319440")_G.PHH="POOH Hub| Key"local a=Instance.new("ScreenGui")local b=Instance.new("Frame")local c=Instance.new("Frame")local d=Instance.new("ImageLabel")local e=Instance.new("Frame")local f=Instance.new("TextBox")local g=Instance.new("TextLabel")local g=Instance.new("TextLabel")local h=Instance.new("TextButton")local i=Instance.new("TextButton")local j=Instance.new("TextButton")local k=Instance.new("TextButton")local l=Instance.new("UICorner")local m=Instance.new("UICorner")local n=Instance.new("UICorner")local o=Instance.new("UICorner")local p=Instance.new("UIStroke")local q=Instance.new("UIStroke")local r=Instance.new("UIStroke")local s=Instance.new("UIStroke")local t=Instance.new("UIStroke")a.Name="Loading"a.Parent=game.CoreGui;a.ZIndexBehavior=Enum.ZIndexBehavior.Sibling;b.Name="Blur"b.Parent=a;b.BackgroundColor3=Color3.fromRGB(0,0,0)b.BackgroundTransparency=1;b.Size=UDim2.new(1,0,1,0)c.Name="Main"c.Parent=b;c.BorderSizePixel=0;c.AnchorPoint=Vector2.new(0.5,0.5)c.BackgroundColor3=Color3.fromRGB(20,21,22)c.ClipsDescendants=true;c.Position=UDim2.new(0.5,0,0.499241263,0)c.Size=UDim2.new(0,425,0,185)p.Thickness=3.2;p.Name=""p.Parent=c;p.ApplyStrokeMode=Enum.ApplyStrokeMode.Border;p.LineJoinMode=Enum.LineJoinMode.Round;p.Color=_G.PHC;p.Transparency=0.10;d.Name="Logo_Image"d.Parent=c;d.BackgroundColor3=Color3.fromRGB(255,255,255)d.BackgroundTransparency=1.000;d.BorderSizePixel=0;d.Position=UDim2.new(0,0,0,0)d.Size=UDim2.new(0,40,0,40)d.Image="rbxassetid://"..(9815319440)g.Name="Kamphucha Hub"g.Parent=c;g.BackgroundColor3=Color3.fromRGB(255,0,0)g.BackgroundTransparency=1.000;g.Position=UDim2.new(0.07,0,0,0)g.Size=UDim2.new(0,200,0,50)g.Font=Enum.Font.Gotham;g.Text=_G.PHH;g.TextColor3=_G.PHC;g.TextSize=18.000;h.Name="Start"h.Parent=c;h.BackgroundColor3=Color3.fromRGB(20,21,22)h.BorderSizePixel=0;h.Position=UDim2.new(0.7,0,0,150)h.Size=UDim2.new(0,95,0,28)h.Font=Enum.Font.Gotham;h.Text="Script No Key"h.TextColor3=Color3.fromRGB(255,255,255)h.TextSize=14.000;h.MouseButton1Click:Connect(function()local a=game.CoreGui:FindFirstChild("Loading")c:TweenSize(UDim2.new(0,0,0,0),"Out","Quad",0.4,true)wait(0.4)a:Destroy()game.Players.LocalPlayer:Kick("Not Free")print("PH")end)n.CornerRadius=UDim.new(0,10)n.Parent=h;q.Thickness=3.2;q.Name=""q.Parent=h;q.ApplyStrokeMode=Enum.ApplyStrokeMode.Border;q.LineJoinMode=Enum.LineJoinMode.Round;q.Color=_G.PHC;q.Transparency=0.10;i.Name="GetKey"i.Parent=c;i.BackgroundColor3=Color3.fromRGB(20,21,22)i.BorderSizePixel=0;i.Position=UDim2.new(0.09,0,0,150)i.Size=UDim2.new(0,95,0,28)i.Font=Enum.Font.Gotham;i.Text="GetKey"i.TextColor3=Color3.fromRGB(255,255,255)i.TextSize=14.000;i.MouseButton1Click:Connect(function()setclipboard("https://link-target.net/361653/script-poohhub-free")log("คุณได้คัดลอกลิงค์เป็นที่เรียบร้อยแล้ว","9815319440",2)end)r.Thickness=3.2;r.Name=""r.Parent=i;r.ApplyStrokeMode=Enum.ApplyStrokeMode.Border;r.LineJoinMode=Enum.LineJoinMode.Round;r.Color=_G.PHC;r.Transparency=0.10;m.CornerRadius=UDim.new(0,10)m.Parent=i;k.Name="HowToGetKey"k.Parent=c;k.BackgroundColor3=Color3.fromRGB(20,21,22)k.BorderSizePixel=0;k.Position=UDim2.new(0.4,0,0,150)k.Size=UDim2.new(0,95,0,28)k.Font=Enum.Font.Gotham;k.Text="HowToGetKey"k.TextColor3=Color3.fromRGB(255,255,255)k.TextSize=14.000;k.MouseButton1Click:Connect(function()setclipboard("https://discord.gg/6YM67DM8dJ")log("คุณได้คัดลอกลิงค์เป็นที่เรียบร้อยแล้ว","9815319440",2)end)t.Thickness=3.2;t.Name=""t.Parent=k;t.ApplyStrokeMode=Enum.ApplyStrokeMode.Border;t.LineJoinMode=Enum.LineJoinMode.Round;t.Color=_G.PHC;t.Transparency=0.10;l.CornerRadius=UDim.new(0,10)l.Parent=k;j.Name="X"j.Parent=c;j.BackgroundColor3=Color3.fromRGB(255,0,0)j.BorderSizePixel=0;j.Position=UDim2.new(0.9,0,0,2)j.Size=UDim2.new(0,35,0,35)j.Font=Enum.Font.Gotham;j.Text="X"j.TextColor3=Color3.fromRGB(255,255,255)j.TextSize=17.00;j.MouseButton1Click:Connect(function()local a=game.CoreGui:FindFirstChild("Loading")c:TweenSize(UDim2.new(0,0,0,0),"Out","Quad",0.4,true)wait(0.4)a:Destroy()end)e.Name="Bar"e.Parent=c;e.BorderSizePixel=0;e.BackgroundColor3=_G.PHC;e.Position=UDim2.new(0,0,0,40)e.Size=UDim2.new(0,455,0,3)f.Parent=c;f.BackgroundColor3=Color3.fromRGB(20,21,22)f.BorderSizePixel=0;f.ClipsDescendants=true;f.Position=UDim2.new(0.07,0,0,70)f.Size=UDim2.new(0.5,155,0,45)f.ZIndex=99;f.ClearTextOnFocus=false;f.Font=Enum.Font.Gotham;f.PlaceholderColor3=Color3.fromRGB(20,21,22)f.PlaceholderText="Type here!"f.Text="Please enter key"f.TextColor3=Color3.fromRGB(255,255,255)f.TextSize=12.00;s.Thickness=3.2;s.Name=""s.Parent=f;s.ApplyStrokeMode=Enum.ApplyStrokeMode.Border;s.LineJoinMode=Enum.LineJoinMode.Round;s.Color=_G.PHC;s.Transparency=0.10;o.CornerRadius=UDim.new(0,5)o.Parent=f;function log(a,b,b)local c=Instance.new("ScreenGui")local d=Instance.new("Frame")local e=Instance.new("UICorner")local f=Instance.new("ImageLabel")local g=Instance.new("TextLabel")local h=Instance.new("TextLabel")local i=Instance.new("UIStroke")local j={}c.Name="LogLoading"c.Parent=game.CoreGui;c.ZIndexBehavior=Enum.ZIndexBehavior.Sibling;d.Name="ToggleFrameUi"d.Parent=c;d.BackgroundColor3=Color3.fromRGB(35,35,35)d.Position=UDim2.new(0.01,0,0,170)d.Size=UDim2.new(0,198,0,48)d:TweenPosition(UDim2.new(0,0,0,170),"In","Quad",0.4,true)d:TweenPosition(UDim2.new(0.01,0,0,170),"In","Quad",0.4,true)d:TweenSize(UDim2.new(0,0,0,48),"In","Quad",0.4,true)d:TweenSize(UDim2.new(0,198,0,48),"In","Quad",0.4,true)i.Thickness=1;i.Name=""i.Parent=d;i.ApplyStrokeMode=Enum.ApplyStrokeMode.Border;i.LineJoinMode=Enum.LineJoinMode.Round;i.Color=_G.PHC;i.Transparency=0;e.CornerRadius=UDim.new(0,4)e.Parent=d;f.Name="ToggleImgUi"f.Parent=d;f.BackgroundColor3=Color3.fromRGB(255,255,255)f.BackgroundTransparency=1.000;f.Position=UDim2.new(0.0454545468,0,0.125000313,0)f.Size=UDim2.new(0,35,0,35)f.Image="rbxassetid://"..(9815319440)g.Name="Uitoggle"g.Parent=d;g.BackgroundColor3=Color3.fromRGB(255,255,255)g.BackgroundTransparency=1.000;g.Position=UDim2.new(0.25757575,0,0,0)g.Size=UDim2.new(0,137,0,25)g.Font=Enum.Font.GothamSemibold;g.Text=_G.PHH;g.TextColor3=Color3.fromRGB(255,255,255)g.TextSize=12.000;h.Name="Yedhee"h.Parent=d;h.BackgroundColor3=Color3.fromRGB(255,255,255)h.BackgroundTransparency=1.000;h.Position=UDim2.new(0.25757575,0,0.479166657,0)h.Size=UDim2.new(0,137,0,25)h.Font=Enum.Font.GothamSemibold;h.Text=a;h.TextColor3=Color3.fromRGB(255,255,255)h.TextSize=12.000;function j:Set(a)h.Text=a end;wait(b)d:TweenPosition(UDim2.new(0.01,0,0,170),"In","Quad",0.4,true)d:TweenPosition(UDim2.new(0,0,0,170),"In","Quad",0.4,true)d:TweenSize(UDim2.new(0,198,0,48),"In","Quad",0.4,true)d:TweenSize(UDim2.new(0,0,0,48),"In","Quad",0.4,true)local a=game.CoreGui:FindFirstChild("LogLoading")a:Destroy()return j end;local a={"9-4-66","PH-26182"}f.FocusLost:Connect(function()LoadingScript(f.Text)end)function LoadingScript(b)register_key=b;for a,a in pairs(a)do if a==register_key then local a=game.CoreGui:FindFirstChild("Loading")c:TweenSize(UDim2.new(0,0,0,0),"Out","Quad",0.4,true)wait(0.4)a:Destroy()local a=loadstring(game:HttpGet"https://raw.githubusercontent.com/dawid-scripts/UI-Libs/main/discord%20lib.txt")()local b=a:Window("POOHHUB")if game.PlaceId==9674012909 then local b=b:Server("FIGHTME CITY","")local c=b:Channel("Auto Farm")local d=b:Channel("Teleport")local b=b:Channel("Car Spawn")c:Toggle("Auto-Farm Cabbage",false,function(b)_G.Fc=b;a:Notification("POOH HUB","ถือของที่ใช้ไว้ด้วย","Okay!")end)c:Button("Process Cabbage",function()game.Players.LocalPlayer.Character.HumanoidRootPart.CFrame=CFrame.new(-1331.91333,36.8684235,1391.19531,0.0175640024,-7.86342156e-08,0.999845743,1.26279476e-08,1,7.84245131e-08,-0.999845743,1.12485514e-08,0.0175640024)a:Notification("POOH HUB","Teleport","Okay!")end)d:Button("Garage จุดเสกรถ",function()game.Players.LocalPlayer.Character.HumanoidRootPart.CFrame=CFrame.new(1287.922,34.6241226,-693.75592,-1,0,0,0,1,0,0,0,-1)a:Notification("POOH HUB","Teleport","Okay!")end)d:Button("spawn จุดเกิน รับของฟรี",function()game.Players.LocalPlayer.Character.HumanoidRootPart.CFrame=CFrame.new(-71.1909485,34.4684258,-392.151276,-0.998740077,1.91201952e-08,0.0501817614,1.90881231e-08,1,-1.11833831e-09,-0.0501817614,-1.59053659e-10,-0.998740077)a:Notification("POOH HUB","Teleport","Okay!")end)d:Button("mark ตลาดขายของ",function()game.Players.LocalPlayer.Character.HumanoidRootPart.CFrame=CFrame.new(356.195496,34.4684296,-677.843933,-0.0128822085,1.02649258e-08,0.99991703,-7.67088366e-08,1,-1.12540395e-08,-0.99991703,-7.68474422e-08,-0.0128822085)a:Notification("POOH HUB","Teleport","Okay!")end)d:Button("store1 ตลาดซื้อของ 1",function()game.Players.LocalPlayer.Character.HumanoidRootPart.CFrame=CFrame.new(-530.210693,34.9684219,-738.037415,1,2.52974464e-09,0.000229750047,-2.53083265e-09,1,4.73513007e-09,-0.000229750047,-4.73571138e-09,1)a:Notification("POOH HUB","Teleport","Okay!")end)d:Button("store2 ตลาดซื้อของ 2 ",function()game.Players.LocalPlayer.Character.HumanoidRootPart.CFrame=CFrame.new(738.515137,34.9684258,-747.657837,0.999645829,8.08895262e-09,-0.026613323,-8.49472048e-09,1,-1.51337538e-08,0.026613323,1.53544661e-08,0.999645829)a:Notification("POOH HUB","Teleport","Okay!")end)d:Button("store3 ตลาดซื้อของ 3 ",function()game.Players.LocalPlayer.Character.HumanoidRootPart.CFrame=CFrame.new(-1289.60059,34.9684219,-214.092102,-0.0373934694,1.62713256e-08,-0.999300599,-6.72656739e-08,1,1.87997706e-08,0.999300599,6.79216186e-08,-0.0373934694)a:Notification("POOH HUB","Teleport","Okay!")end)d:Button("store4 ตลาดซื้อของ 4",function()game.Players.LocalPlayer.Character.HumanoidRootPart.CFrame=CFrame.new(-1439.3623,34.9683914,-552.116211,-0.85642767,2.67735167e-09,0.516267002,-1.2820383e-08,1,-2.64535256e-08,-0.516267002,-2.92742719e-08,-0.85642767)a:Notification("POOH HUB","Teleport","Okay!")end)d:Button("Hospital โรงบาล",function()game.Players.LocalPlayer.Character.HumanoidRootPart.CFrame=CFrame.new(-525.17395,-99.6890259,-84.3770142,-0.999394596,-7.03574017e-08,0.0347915106,-7.02169984e-08,1,5.25729549e-09,-0.0347915106,2.81115708e-09,-0.999394596)a:Notification("POOH HUB","Teleport","Okay!")end)d:Button("Police station โรงพัก",function()game.Players.LocalPlayer.Character.HumanoidRootPart.CFrame=CFrame.new(-1024.07739,-30.3806,-275.749939,-0.0237909332,-5.1155336e-08,0.999716938,7.96258064e-08,1,5.30647277e-08,-0.999716938,8.08657248e-08,-0.0237909332)a:Notification("POOH HUB","Teleport","Okay!")end)d:Button("Cabbage Farm ฟามกระหล่ำ",function()game.Players.LocalPlayer.Character.HumanoidRootPart.CFrame=CFrame.new(-1331.36047,36.8684235,1372.1272,0.368380398,-2.39018516e-09,0.929675162,2.66727329e-09,1,1.51409241e-09,-0.929675162,1.92193572e-09,0.368380398)a:Notification("POOH HUB","Teleport","Okay!")end)d:Button("Car Shop ร้านซื้อรถ",function()game.Players.LocalPlayer.Character.HumanoidRootPart.CFrame=CFrame.new(1134.3335,34.4684296,-664.728333,-0.113034017,1.18363829e-07,-0.99359113,3.4528373e-08,1,1.15199242e-07,0.99359113,-2.12856524e-08,-0.113034017)a:Notification("POOH HUB","Teleport","Okay!")end)d:Button("pig Farm ฟามหมู",function()game.Players.LocalPlayer.Character.HumanoidRootPart.CFrame=CFrame.new(-819.153564,37.3464813,3061.41162,-1,0,0,0,1,0,0,0,-1)a:Notification("POOH HUB","Teleport","Okay!")end)d:Button("Tree Farm ฟามต้นไม้",function()game.Players.LocalPlayer.Character.HumanoidRootPart.CFrame=CFrame.new(-158.438354,37.4117126,2801.57422,-1,0,0,0,1,0,0,0,-1)a:Notification("POOH HUB","Teleport","Okay!")end)d:Button("Clam Farm ฟามหอย",function()game.Players.LocalPlayer.Character.HumanoidRootPart.CFrame=CFrame.new(-2639.95898,36.493576,3337.83154,0,0,-1,0,1,0,1,0,0)a:Notification("POOH HUB","Teleport","Okay!")end)d:Button("Mine",function()game.Players.LocalPlayer.Character.HumanoidRootPart.CFrame=CFrame.new(-43.6854973,68.5579758,1881.49426,-0.999970078,-0.00777083077,1.31723064e-05,-0.00776257459,0.998826325,-0.047809042,0.000358359073,-0.0478077009,-0.998856783)a:Notification("POOH HUB","Teleport","Okay!")end)d:Button("Ore Process",function()game.Players.LocalPlayer.Character.HumanoidRootPart.CFrame=CFrame.new(1397.01123,34.6531067,-923.828918,-1,0,0,0,1,0,0,0,-1)a:Notification("POOH HUB","Teleport","Okay!")end)d:Button("Barber",function()game.Players.LocalPlayer.Character.HumanoidRootPart.CFrame=CFrame.new(561.041443,33.9155159,-750.538696,0,0,-1,0,1,0,1,0,0)a:Notification("POOH HUB","Teleport","Okay!")end)d:Button("Fishing Area",function()game.Players.LocalPlayer.Character.HumanoidRootPart.CFrame=CFrame.new(-810.806091,27.5973568,-990.553528,-9.77516174e-06,6.78002834e-07,-1.00000012,0.139194876,0.990265012,-6.78002834e-07,0.990265071,-0.139194876,-9.77516174e-06)a:Notification("POOH HUB","Teleport","Okay!")end)d:Button("Rebel",function()game.Players.LocalPlayer.Character.HumanoidRootPart.CFrame=CFrame.new(667.032898,38.7519913,2139.24634,-0.766061664,0,0.642767608,0,1,0,-0.642767608,0,-0.766061664)a:Notification("POOH HUB","Teleport","Okay!")end)d:Button("Rice Farm",function()game.Players.LocalPlayer.Character.HumanoidRootPart.CFrame=CFrame.new(-2011.98389,36.7447701,2338.5083,-1.1920929e-07,0,1.00000012,0,1,0,-1.00000012,0,-1.1920929e-07)a:Notification("POOH HUB","Teleport","Okay!")end)d:Button("Cow Farm",function()game.Players.LocalPlayer.Character.HumanoidRootPart.CFrame=CFrame.new(-2150.25928,37.1438637,3041.51221,0,0,1,0,1,-0,-1,0,0)a:Notification("POOH HUB","Teleport","Okay!")end)d:Button("Chicken Farm",function()game.Players.LocalPlayer.Character.HumanoidRootPart.CFrame=CFrame.new(-1487.04883,38.0560265,3291.00293,-1,0,0,0,1,0,0,0,-1)a:Notification("POOH HUB","Teleport","Okay!")end)b:Textbox("Name Car ชื่อรถที่มี","Name Car you",true,function(a)local a=a end)b:Button("spawn Car",function()game:GetService("ReplicatedStorage").DealershipEvents.SpawnCar:FireServer(CarN,workspace.SpawnCar)a:Notification("POOH HUB","SpawnCar","Okay!")end)while wait()do if _G.Fc then for a,a in pairs(game:GetService("Workspace"):GetDescendants())do if a.Name=="ProximityPrompt"then fireproximityprompt(a,20)end end end end elseif game.PlaceId==12851888521 then local a=b:Server("Punch Wall Simulator","")local b=a:Channel("Auto Farm")local a=a:Channel("Egg")b:Toggle("Auto Farm win 1",false,function(a)_G.W1=a end)b:Toggle("Auto Farm win 2",false,function(a)_G.W2=a end)b:Toggle("Auto Farm win 3",false,function(a)_G.W3=a end)b:Toggle("Auto Farm win 4",false,function(a)_G.W4=a end)b:Toggle("Auto Farm win 5",false,function(a)_G.W5=a end)b:Toggle("Auto Farm win 6",false,function(a)_G.W6=a end)b:Toggle("Auto Farm win 7",false,function(a)_G.W7=a end)b:Toggle("Auto Farm win 8",false,function(a)_G.W8=a end)b:Toggle("Auto Farm win 9",false,function(a)_G.W9=a end)b:Toggle("Auto Farm win 10",false,function(a)_G.W10=a end)b:Toggle("Auto Farm win 11",false,function(a)_G.W11=a end)b:Toggle("Auto Farm win 12",false,function(a)_G.W12=a end)b:Toggle("Auto Farm win 13",false,function(a)_G.W13=a end)b:Toggle("Auto Farm win 14",false,function(a)_G.W14=a end)a:Toggle("Auto EGG 1 win",false,function(a)_G.E1=a end)a:Toggle("Auto EGG 5 win",false,function(a)_G.E2=a end)a:Toggle("Auto EGG 15 win",false,function(a)_G.E3=a end)a:Toggle("Auto EGG 30 win",false,function(a)_G.E4=a end)a:Toggle("Auto EGG 50 win",false,function(a)_G.E5=a end)a:Toggle("Auto EGG 150 win",false,function(a)_G.E6=a end)a:Toggle("Auto EGG 250 win",false,function(a)_G.E7=a end)a:Toggle("Auto EGG 1.25k win",false,function(a)_G.E8=a end)a:Toggle("Auto EGG 2K win",false,function(a)_G.E9=a end)a:Toggle("Auto EGG 9K win",false,function(a)_G.E10=a end)a:Toggle("Auto EGG 15K win",false,function(a)_G.E11=a end)a:Toggle("Auto EGG 25K win",false,function(a)_G.E12=a end)a:Toggle("Auto EGG 50K win",false,function(a)_G.E13=a end)a:Toggle("Auto EGG 150K win",false,function(a)_G.E14=a end)a:Toggle("Auto EGG 450K win",false,function(a)_G.E15=a end)a:Toggle("Auto EGG 1.35M win",false,function(a)_G.E16=a end)a:Toggle("Auto EGG 4.05M win",false,function(a)_G.E17=a end)while wait()do if _G.W1 or _G.W2 or _G.W3 or _G.W4 or _G.W5 or _G.W6 or _G.W7 or _G.W8 or _G.W9 or _G.W10 or _G.W11 or _G.W12 or _G.W13 or _G.W14 then wait(2.5)if _G.W1 then game.Players.LocalPlayer.Character.HumanoidRootPart.CFrame=CFrame.new(-200.243317,15.7222757,-31.1514149,-0.0627899244,-0.224649429,0.972414553,-1.43507336e-07,0.974337161,0.225093573,-0.998026788,0.0141334692,-0.0611785874)wait(0.5)game.Players.LocalPlayer.Character.HumanoidRootPart.CFrame=CFrame.new(-188.878174,0.927891612,-29.2816753,-0.0069671832,1.0267172e-07,0.999975741,3.1994233e-08,1,-1.02451303e-07,-0.999975741,3.12796615e-08,-0.0069671832)end;if _G.W2 then game.Players.LocalPlayer.Character.HumanoidRootPart.CFrame=CFrame.new(-199.208023,16.4941711,-97.3548965,0.0349001996,0.0502606481,0.998126149,-1.50597259e-07,0.998734593,-0.0502912812,-0.999390781,0.00175502547,0.0348560438)wait(0.5)game.Players.LocalPlayer.Character.HumanoidRootPart.CFrame=CFrame.new(-187.665588,0.927899003,-97.1404037,0.155686513,-8.05779976e-09,0.987806499,-1.17142882e-07,1,2.6619956e-08,-0.987806499,-1.19858868e-07,0.155686513)end;if _G.W3 then game.Players.LocalPlayer.Character.HumanoidRootPart.CFrame=CFrame.new(-202.074463,11.6905966,-166.243713,0.0139517738,-0.14179951,0.989797056,-1.1416596e-06,0.989893436,0.141813323,-0.999902666,-0.00197967747,0.0138106067)wait(0.5)game.Players.LocalPlayer.Character.HumanoidRootPart.CFrame=CFrame.new(-188.486664,0.927898705,-165.868851,0.0557898656,1.12300448e-07,0.998442531,-5.07580555e-09,1,-1.12192005e-07,-0.998442531,1.19127674e-09,0.0557898656)end;if _G.W4 then game.Players.LocalPlayer.Character.HumanoidRootPart.CFrame=CFrame.new(-215.071304,68.0555191,-240.146652,-0.00698206853,-0.151262134,0.988469005,-5.33283185e-07,0.988493145,0.151265815,-0.999975622,0.00105562119,-0.00690180715)wait(0.5)game.Players.LocalPlayer.Character.HumanoidRootPart.CFrame=CFrame.new(-203.031158,55.1526756,-239.938141,-0.0636763126,9.44049994e-09,0.997970581,9.95020399e-10,1,-9.39621003e-09,-0.997970581,3.94685062e-10,-0.0636763126)end;if _G.W5 then game.Players.LocalPlayer.Character.HumanoidRootPart.CFrame=CFrame.new(100.54332,9.91590023,-1216.76245,-0.0558952726,-0.139210582,0.988684058,-2.202476e-07,0.99023211,0.139428541,-0.99843663,0.00779317925,-0.0553493276)wait(0.5)game.Players.LocalPlayer.Character.HumanoidRootPart.CFrame=CFrame.new(88.4455643,0.869590223,-1215.91895,0.147225603,-5.76772798e-08,-0.98910296,6.37804263e-08,1,-4.88191532e-08,0.98910296,-5.58979814e-08,0.147225603)end;if _G.W6 then game.Players.LocalPlayer.Character.HumanoidRootPart.CFrame=CFrame.new(76.7689819,5.31030846,-1359.01404,0.494036883,0.0357962288,-0.868703723,-1.88101609e-07,0.999152124,0.041171439,0.869440973,-0.0203400459,0.493617982)wait(0.5)game.Players.LocalPlayer.Character.HumanoidRootPart.CFrame=CFrame.new(68.6574326,0.892820656,-1354.6748,0.230672792,7.12942523e-08,-0.973031402,1.79491817e-08,1,7.75253994e-08,0.973031402,-3.53481155e-08,0.230672792)end;if _G.W7 then game.Players.LocalPlayer.Character.HumanoidRootPart.CFrame=CFrame.new(-237.353821,7.66836119,-1308.80286,-0.463338554,0.0936963558,0.881214142,2.19659711e-07,0.994394839,-0.10573034,-0.886181355,-0.0489887483,-0.46074149)wait(0.5)game.Players.LocalPlayer.Character.HumanoidRootPart.CFrame=CFrame.new(-228.123108,0.927882791,-1312.56311,-0.169151634,5.98625727e-09,0.985590041,1.65020086e-08,1,-3.24162719e-09,-0.985590041,1.5715889e-08,-0.169151634)end;if _G.W8 then game.Players.LocalPlayer.Character.HumanoidRootPart.CFrame=CFrame.new(-184.780579,10.6236744,-1608.18835,0.598950088,-0.144164056,0.78770268,-2.28083465e-07,0.983661413,0.18002829,-0.800786376,-0.107828133,0.589164078)wait(0.5)game.Players.LocalPlayer.Character.HumanoidRootPart.CFrame=CFrame.new(-183.622055,0.927900612,-1601.88232,0.972846448,-9.64092735e-08,0.231451437,1.01698397e-07,1,-1.09208766e-08,-0.231451437,3.4162575e-08,0.972846448)end;if _G.W9 then game.Players.LocalPlayer.Character.HumanoidRootPart.CFrame=CFrame.new(-271.596191,5.71546173,-1585.19446,0.944348216,-0.00741973054,0.32886377,1.9917259e-07,0.999745607,0.0225554034,-0.328947455,-0.0213000886,0.94410795)wait(0.5)game.Players.LocalPlayer.Character.HumanoidRootPart.CFrame=CFrame.new(-266.642426,0.9279055,-1573.45007,0.880513728,-9.44615124e-08,0.47402069,8.34457268e-08,1,4.42731967e-08,-0.47402069,5.71841852e-10,0.880513728)end;if _G.W10 then game.Players.LocalPlayer.Character.HumanoidRootPart.CFrame=CFrame.new(-342.083496,14.8219109,-1292.76831,0.328970701,0.0268690642,-0.943957806,-2.01054235e-07,0.999595165,0.0284526702,0.94434011,-0.0093599055,0.328837544)wait(0.5)game.Players.LocalPlayer.Character.HumanoidRootPart.CFrame=CFrame.new(-343.898743,0.927907825,-1311.03357,-0.995551109,-3.90778254e-08,-0.0942230225,-3.40178943e-08,1,-5.53078365e-08,0.0942230225,-5.18565102e-08,-0.995551109)end;if _G.W11 then game.Players.LocalPlayer.Character.HumanoidRootPart.CFrame=CFrame.new(1088.58838,9.91932869,-29.5974064,0.00689831469,-0.161489546,0.986850321,-2.23146529e-07,0.986873806,0.161493391,-0.999976218,-0.00111425237,0.00680773007)wait(0.5)game.Players.LocalPlayer.Character.HumanoidRootPart.CFrame=CFrame.new(1100.35144,0.927879572,-29.6758804,0.148007363,-6.17390441e-08,0.988986254,-4.61645335e-08,1,6.93353783e-08,-0.988986254,-5.59182389e-08,0.148007363)end;if _G.W12 then game.Players.LocalPlayer.Character.HumanoidRootPart.CFrame=CFrame.new(1090.2262,15.1136761,-95.5359268,-0.0210161265,0.0491067059,0.998572409,1.8522951e-07,0.998793006,-0.0491175503,-0.999779165,-0.00103207561,-0.0209907684)wait(0.5)game.Players.LocalPlayer.Character.HumanoidRootPart.CFrame=CFrame.new(1101.47681,0.927898765,-97.4045029,-0.0265125111,-4.85614535e-08,0.999648452,7.38807344e-08,1,5.05379809e-08,-0.999648452,7.51946487e-08,-0.0265125111)end;if _G.W13 then game.Players.LocalPlayer.Character.HumanoidRootPart.CFrame=CFrame.new(1085.50427,16.1242676,-159.521729,-0.118489139,-0.237503499,0.964132965,-2.41970213e-07,0.970973134,0.239188477,-0.992955327,0.0283410028,-0.115049832)wait(0.5)game.Players.LocalPlayer.Character.HumanoidRootPart.CFrame=CFrame.new(1100.09412,0.927898705,-159.812408,0.0382017083,-8.56545057e-08,0.999270022,-4.44134081e-08,1,8.74149819e-08,-0.999270022,-4.77203876e-08,0.0382017083)end;if _G.W14 then game.Players.LocalPlayer.Character.HumanoidRootPart.CFrame=CFrame.new(1089.81958,14.0888567,-221.289047,0.0208666902,0.0100917611,0.999731362,-1.93563992e-07,0.999949038,-0.0100939553,-0.999782264,0.000210433922,0.0208656304)wait(0.5)game.Players.LocalPlayer.Character.HumanoidRootPart.CFrame=CFrame.new(1099.4834,0.927899003,-221.439377,0.211333647,-4.02261975e-08,0.977413952,3.10839638e-08,1,3.4434855e-08,-0.977413952,2.3104656e-08,0.211333647)end end;if _G.E1 then game:GetService("ReplicatedStorage")["functions-shared/network@GlobalFunctions"]["s:openEgg"]:FireServer(49,"Farm Egg")end;if _G.E2 then game:GetService("ReplicatedStorage")["functions-shared/network@GlobalFunctions"]["s:openEgg"]:FireServer(53,"Forest Egg")end;if _G.E3 then game:GetService("ReplicatedStorage")["functions-shared/network@GlobalFunctions"]["s:openEgg"]:FireServer(57,"Jungle Egg")end;if _G.E4 then game:GetService("ReplicatedStorage")["functions-shared/network@GlobalFunctions"]["s:openEgg"]:FireServer(59,"Water Egg")end;if _G.E5 then game:GetService("ReplicatedStorage")["functions-shared/network@GlobalFunctions"]["s:openEgg"]:FireServer(60,"Midas Egg")end;if _G.E6 then game:GetService("ReplicatedStorage")["functions-shared/network@GlobalFunctions"]["s:openEgg"]:FireServer(63,"Cave Egg")end;if _G.E7 then game:GetService("ReplicatedStorage")["functions-shared/network@GlobalFunctions"]["s:openEgg"]:FireServer(64,"Flame Egg")end;if _G.E8 then game:GetService("ReplicatedStorage")["functions-shared/network@GlobalFunctions"]["s:openEgg"]:FireServer(66,"Celestial Egg")end;if _G.E9 then game:GetService("ReplicatedStorage")["functions-shared/network@GlobalFunctions"]["s:openEgg"]:FireServer(70,"Temple Egg")end;if _G.E10 then game:GetService("ReplicatedStorage")["functions-shared/network@GlobalFunctions"]["s:openEgg"]:FireServer(71,"Ice Egg")end;if _G.E11 then game:GetService("ReplicatedStorage")["functions-shared/network@GlobalFunctions"]["s:openEgg"]:FireServer(72,"Alien Egg")end;if _G.E12 then game:GetService("ReplicatedStorage")["functions-shared/network@GlobalFunctions"]["s:openEgg"]:FireServer(76,"Swamp Egg")end;if _G.E13 then game:GetService("ReplicatedStorage")["functions-shared/network@GlobalFunctions"]["s:openEgg"]:FireServer(77,"Candy Egg")end;if _G.E14 then game:GetService("ReplicatedStorage")["functions-shared/network@GlobalFunctions"]["s:openEgg"]:FireServer(80,"Striped Egg")end;if _G.E15 then game:GetService("ReplicatedStorage")["functions-shared/network@GlobalFunctions"]["s:openEgg"]:FireServer(83,"Chocolate Egg")end;if _G.E16 then game:GetService("ReplicatedStorage")["functions-shared/network@GlobalFunctions"]["s:openEgg"]:FireServer(86,"Easter Egg")end;if _G.E17 then game:GetService("ReplicatedStorage")["functions-shared/network@GlobalFunctions"]["s:openEgg"]:FireServer(87,"Molten Egg")end end else game.Players.LocalPlayer:Kick("Game Not support")game:GetService("TeleportService"):Teleport(game.PlaceId,game:GetService("Players").LocalPlayer)end end end end;LoadingScript(_G.Key)
